Common Connections
33687
33670
33669
61457
33688
33681
33686
61488
33680
33677
33683
33664
33653
33677
61456
33688
33683
33679
33682
33669
33687
61440
33651
61486
33651
33671
33686
33681
33660
33674
33670
33647
33682
33662
33689
33687
33681
33683
61485
33684
33678
33656
33672
33681
33674
33663
33683
85819
32315
63077
35163
32297
85946
32294
32281
32317
63080
32319
32294
68399
32297
32301
57989
35159
32314
80924
32288
32286
63072
68371
32315
32303
68348
68374
32303
85915
32318
63036
32318
32309
32308
32308
32317
32316
32312
32317
68406
37626
58028
32314
68381
68403
35161
32293
68365
32293
63051
32287
35160
68369
