    Common Connections
0                32318
1                68385
2                32300
3                63047
4                63087
5                32316
6                63083
7                63043
8                32286
9                32305
10               32317
11               68343
12               32303
13               86085
14               63072
15               68421
16               68380
17               32297
18               68385
19               86014
20               63073
21               32269
22               68385
23               32303
24               63079
25               63080
26               65934
27               86129
28               32310
29               63060
30               63027
31               63043
32               63088
33               63065
34               63088
35               63038
36               32310
37               63027
38               68399
39               32306
40               35160
41               63086
42               32318
43               63051
44               32293
45               32302
46               32319
47               32317
48               63088
49               32298